c = CFrame.new

return {
   Aurora = c(-1812, -136.927933, -3282, 1, 0, 0, 0, 1, 0, 0, 0, 1),
   Sundial = c(-1149.45996, 136.943054, -1077.28003, 1, 0, 0, 0, 1, 0, 0, 0, 1),

   Eclipse = c(5965.6001, 274.10849, 842.02002, 1, 0, 0, 0, 1, 0, 0, 0, 1),
   Meteor = c(5965.6001, 274.10849, 842.02002, 1, 0, 0, 0, 1, 0, 0, 0, 1),
   Smokescreen = c(2793.25, 139.707275, -627.390015, 1, 0, 0, 0, 1, 0, 0, 0, 1),
   Windset = c(2851.6001, 178.17392, 2703.03003, 1, 0, 0, 0, 1, 0, 0, 0, 1),
   Tempest = c(36.4309006, 135.413315, 1946.10999, 1, 0, 0, 0, 1, 0, 0, 0, 1)
}
